$ANSIBLE_VAULT;1.1;AES256
32636365383962326437303338643961373533643433663236386635323130336237363461393862
3832393861383833386264663830383235383139636664340a666132356639376464313331343339
32333931633831376661383336323238656464313634623635336136373831343438353837323834
3566653736626566630a613034366436383635376264376233663062363732303239346266363531
37316136306666303833333633326635663263313438343734343136366430633466316561356635
37313731663037356334383935666431353435336535633335623266383963643836336366316237
35646438333562316337623663613734653263383930663934646431663863356535613334333962
31666539633230333431633565643437323833643564616637613734646166633735353464376333
63383633356439616666636266306464653666343433643333363738326432326535623339373732
30623264326636386363613364363537326438633033313139616130636666353066643535353131
36343463303633356535366161306362613431663333643530633161643838383737396164383433
63343665323035356663363730323161333034313336616663303437613531373731663764346538
34623062373837346134656332643332656562353566383139386631306130623062333037383961
62336335346534366133666335363336386332363534633135663430333037303139356162353238
66653937343731366365623830353965386332363736333766363437353234653832376263623833
65333433623263616466
