$ANSIBLE_VAULT;1.1;AES256
32373038646631656664396165623137616166323861623761366463633638633737356138303233
6666633462353665373130646335333634333238636265640a346334326566356237646532633264
30663637313262643963636434373239663931306534373935353263343435386263323563323733
6133616261663039610a646162393639386465616132343339663466666435383261613430663931
36313133333530373665323631663631313364336432636237646461383662663430353332333865
35363432303064636165336663653662343937663639333065323839363963333562396236373662
63373236653233336130316432333538356236353161656237343261323232653435613162376134
36643333383761623336326438616433653434636165306661376132623635366362393166633765
62326135363134656462643938383733636561346163376663646332643666643030663336343336
38623836653262323330646230343730383631343136386338313438383561316664353466343063
35626438353435373534333964636236353330383736626233663737333866313834306634623638
30326262353135356531323333666135366163383533346166623235393539373064366266386262
37343733333433323437326130306365386363316432646263663464386564663130326331303566
37663235623230393733666537346335666234353031656462356330353561643239613832643331
37653134383533653063376261326334376633633761626339303035636439663164326637663762
65626538633061316361
