$ANSIBLE_VAULT;1.1;AES256
61376166306536626138646231643666663762653838363037343561303433613135386561313261
6438323062386339323864623830366237306632636664310a393163343832323436613038346363
63613832616630613735636465376233343038363337303161633734313934313235633062323730
3930336665346231650a383563323061393734363630303631343239343235316139383662356462
66333831346334333234663639353335353563363036656332643963306437343161376430303362
35376236313534623333663334326565623966393964656139323162643263386134396265333432
39366364313233333563376366666462383134356363613336643461633364643633356465343633
30623834326164376439373731333532616230633137393538373265393764636436613532373338
32383065633163626431323030613936373636356137653237366636333734343636653838646161
32626130326439363561386332656438613238616639393738323438636265386561333734323962
35353835333939613030303163633436306462616236316366663663386231373332373962663030
30363136646164313039623538343536373565636433666439373862376132633139383165313933
38653038353634616234666237333361623462393037656439633338646462303165333631313232
39656336356530643966626434373238316633363561643937346364396330316235646436346532
33663532306431303035313539633533316361366361343532636236383861396163373336643763
66313232663062353561393430313562313834353230383137633830356436623338373230333837
65663339306462383730333930353534323765313738666661343861643832643831623064323564
63613862356261356638313864643132653062393763396334653130646235623031313034333739
39663766343139656164646138656435363764323436633465306137663934353537396632626565
63626534303937656133633134626633646664323031663264346462613336633638353164623566
33623537343237633762313863393235303036326132306132643134383133666135313464636438
36373339623130313139323466626137363030333861333665613866656238636161336535363831
39386336636438376661636637353731643664636233383930376363653238633536306163663732
32363062656135343662313737326231653730313666373961333139653538636261336665366539
30666136626332663631303261383836396231623331373837653363376664313831633165393561
35356534393832633366663464626263653433626438663331363031323862303663363861313062
36356234613362386263643237663135326639646239353965316566626664626233646235313261
62326166393331376332653363356434613235666336396362623832633931623564343565656133
31316631613461646235626630376438613037393865376231646365386233613366343738383362
38623965633364313838656231633530376266646436313335613562316338303363383766626166
34393264643038376435626537363631336637373634343936303130626162636133626638363930
33303239393463646166303465386538363532366264653861323766303933306638363962343935
65386133306366613761353331313835393864373766306666623834363639366262333832326634
36396533626465653537323630383038373564306461616264653162656538353964396365343565
32633236623162333432663831313961393133396236663235363164306462633664663039643534
61303839656532323035393839396631653237646532663931366434393530333738613237373236
30643131353833373934656637303364313834373637656539373031623230306632
