$ANSIBLE_VAULT;1.1;AES256
63623566643433643033383063616330376661313761343736616238613239376463623962626636
3465376338626634663061346639313661663239323830370a346137346231633564663236633930
32356434303331633966656134656230376639366139393064376537353164666137363931646636
6461313663653061300a303136636639356435393362316636353133636165623632303730663831
37383533643636356336336165346366386438303438613661393137653430653764666461656633
65386331633130316433636432353633653431393534336135383934363131626537613233333431
65623166326531386431643564373137383564316265663239333565623133366562336534616636
33316438373739323238656338346434393363613739353662336436306639323430383737633961
62393033306136616136623832373334666162303632396235356437633131613537303332663232
63636539356236643636323764323335623362623538356166323439626137613037313162636435
62663865343963306432663164356532666630376435336361333261336235363639313036343633
64396164356138306262313638333232343766366531363836666533383630323965666332353862
63336563616230326162383836386164373365323232306336616466316236646565663663393435
32353132303233643266666130363534306361363336363464376164623939393836623065303164
65396538613161313262373164346661353364323734646464616462333733383431353038336434
62336332656534363565363338636535643762646466343939643035363839626339663065393630
62303236653231396132343932306636383566656334646564383566643036373135663237616432
62363439356533353535386338653433393966383038316465636463633536626136323338376563
30656266366466663434343537343836656233636433623963643265303937373961386634336639
34373638353563343637316333616561653132333163616362633663393538623763366133313731
31313931393835333734306333363565326364656365616565616331643165373534386438336136
63356530326231633463623332323936323632373464323733353839353063623235633434663563
64373938383466633930363264336636653837633738306563316330626534383436643438336463
66393766626530323061333833333362356230343433613237383161356534353334343536616230
32373766393265343764663763626566373261386165376138613266373761313235303130366536
62663233633033616237313565303933396336313832373431333031383936656635333632616536
65616662613832353064313736336661343239656237343831633539613065393461313130303031
36306537376239353637646637306365383534626662356237393563646637353835613164386339
65626562313065333438646566386263353130313662323935643437633737353465373337333265
37373661396535363133323832336462363233393864373730326139646636313863313361653836
37356162666432393739363661636136333039313335626465663531336133666433393435336237
62343537313361613130313966316466313565303035633037336135663130313333663338336164
37376132353065356631633065363633626532366136393438623938626630323334636238306561
65356535363432343331336331313264663838353934643437653836333362633963353732613434
34366235623063353665643165623339346437393735646538363639373438643361333062353039
36666637316439666632383630346232313131313830336564663761643136613730383764343739
31663632363061383339646637353532336366373366623337616661643632316433313030383431
63333166616262323766313031303830363762303637396633336532393434643265336130316434
33613865326637343165623637343239633462363432613132343931383030353865386165333534
34316666376663653730323537633365383334656333623039636630626262356438346432393836
37653034626632383934613831616462333261633932663132663962616430313663623730633462
30316666333865303233356366343231306434396364393231646431623139616437636434333766
32383532636130646231306332653632653830383364313733386633633064366464356538616134
65313962323234633361666337313430306535316461633464333337663862366663373539343030
31626531363863623830383634316363316366373938373365323630323738613861326231376261
39373636646434393961316262323932383963386635623838376332323136383030656163663435
36373963313732343534643435656336623063356334316637333038303331376461663333636330
33613338383139666663326266623962316461346334383335333739353936613835636365353632
36326165623163626333396437626166343530383135346664656132323633313137616633613065
39613065386561313231376336363765336631356562653066393765363237373064643231633439
63666634376339653764383438643034386239343164346634656562613864656662393533336134
61356361666463306137366339663734353632643638316331353636633533393131363538346630
35666132656264376166303464386239303433633834643961653533393637383035373837326163
30613965306463306462393739396635303961333433643337323064323736393830313138656333
66623233633036636138663731666461656533306338366234396130626430643838656564313266
61313162626230666461336363336530323630643336343535323139623765353838653634343730
33316162333238323162653035306333373431626363373361396137376262336361663834613236
37383333343461383630396532613830393630363237323866633964336434643434613334653039
66306536623239656630376637343330616466353666363235343637343730333738623838363733
31396230376135623664353863323762633335633466303364376166646663626266383239663735
31393830396335326437626564343062653933323338333838373737383561373830343061633463
63333136376539663739313533663966646630663061346334386663306638323034306161633663
62396165316339303436396466343563383161386638343764346637613237303831333162626636
64643937326332303132333733346262653462333139326434396434313138653833393332316166
33656361653463366664363266653435626335383131343938363162666332643565313961323933
64643463336637366531356432613164666437316339646435373835323839333530363532343934
63613230363636316432336362323165323631343332356331656131356366363931333239623836
64663738643438653266326334653332396161366463363437353830306438363231613235343037
30653737373937666133643632303831643731313835376463313732303937343536613634313462
34626163313562383238636639383432623037313633356638393036346137373461663264396561
33336366386363343565623937653739663434363636613939633338313733353264653566303765
39653464373366326632636332386232643863313839346130366566313332626638306433616636
34656135643664623339643664383963313737393163633030333832323830666235363861636632
36316230386262373961356632343131303832393764616666343766633133313839343037643431
34363861396135333165363339313366663164313739653639383763613333373562356261353831
36656564303764383733373838616539346562393232363739373262373661333963343337633137
63656266633233333066303662313135643166306134353063383937333237656631656462333066
31346665616466663032613232653038303139373063356162633263626538623362353339356532
61343931373439656165653130316334626266306637313139343265313565393762366566363632
66363337313331343036633930633537613861393837363534366163653030636363323731343037
61323038303562636437313539643464336331616237636165646431326361336432633938666330
35373837353637323530383633656633306265636230623462303663373533643937613663363538
61386638346661616363323734666539663361663463623266666339306338396431353563653038
66373964333663666262636237656366303737346132373765333739643132373732653533303937
30653463343335336539653933633963313537636636396536383132623639316238346566333539
30633865323233656663343564643031353732626537313130303834663939343933386639376636
33323034393439633436303861323138396439643364373466303262363138306230356236626362
66303665353836323035346234303163616563353262656236323636323631356362366539363337
30306231646630346631626434373336633734386535666461383832306330366134373161323465
64626465653935356264636336326266316461373139353038633034666237356239353535643630
33346230323930333939343432643636636136666562316231376235346662636236666362666535
38376661633261306464623765306432663334316431373132613937393064356635346436313434
36633963363664353163366335353432386164636138353164306565653433383933636263373338
30323066356536336133396638303665373239336639316532353533306237383730646533376165
34303939646634303632666433383333653036613563663135393937386635666261666161313665
35636334373435643532386365396365353337326139656236663438666265333036303338393037
65333464646138383763356165303434396636316539326139636532303733306535376566336531
38636634336333323535646135666530353736363163316566316563373535643631626265356133
35663833336665333031346231333964343433306462653835393030303737353366663464663162
36323033623933346230323961393064353062663637386337616531376138653137333233613137
30336164643561646332383662663430356633633539303266623936316536343864303862313137
33396139393064313937363635363465363836343730633961623431643837346636666361386236
35616636303065663032613161633730616266353364323835346663633865373763336331313163
61356433646366356338336439633065363964323962616439306530316562623531346234386564
36386636333438666533653434333336313335306366386632303532653636613364303164613831
63333638336562333761623164363135646464333032396434373736656633353734616338666237
36336566346538316665633035663137626435616331656166393338396663373961656532643165
66656534343631636337363239633063353736623230653461366634393031376366363461653833
37626439363962636135613535386533376666386331623036333137623830353735333563316563
36343539303138306664613238383636383939313739626235653636636638613866623737326463
38343730636437636661393665306134656535623766646631363237643831336264393966353332
62633462323839343864323338336662313662613163666633303565393430616232613939396438
64373961646331373035663639343234383163393361656630396436333963306165633534316166
31663739303234343562663935646336316630323939653661303737653931653435633165373064
34333561363739356333316634306432646334636264343031376163653335386335306232613132
34653365336437356333336365656433393230306462653833303565353366383361376130633137
34346361643833333133393065613364626132356331343636306634646663366366373435653762
38323136633134623339303634383039376431366531393161346166663864306339333534623136
32323234616538633137373134393731633434616532386435323266323736346530666530626233
66363866333537646130383336653036666538383465353666616165323333613433626137336364
33346336303231653632376163613437653333386237633965393331323863306565376237383938
39386639653862343165323661656365376137373266326461323834623936643239396136333636
39383466663264663965646365633331666339393330663132626465643135643666636539393138
38313930313263306131316337373637323831656537383065646535353962313164633634663331
32393337306532346265323731633332383039663664626131643637653337643430316438656364
39656265323135393739613565633763666261326530656262346561333361656166616634343238
62396139346463396438373565616333366631333933373037366164666231323435646263653834
31323361323364616333643437623466366131376130633761326164383635313866646138613230
62336236346432383139333131653264646334303761333936393939333263643761396362623263
38653063366630333230663035383031333836346636376563633764646330386137656364333635
61313564613938643937356532613932626263356237363465633464343764303266313061636365
65333939616263623332343837393931666532643830646234643033383130653531383964303533
62653838343631396162333164303831636432366232323133356666383634356230613731353766
63396465316165383061383739633266343137363735393033643933303733373230313262396563
66363030633830393332346434396330306235383361623936656338343234373233313637373166
39366132383538613562376531646565353461383930313865323335663833343037303531616632
33386263666265376234336462323832336138393336326532303164626464313834353664633564
34363737653735316461373339313662316365663238393531636365393331393730326665616436
66636139363362363132643131376665326130386332333530326562623664333063363663653738
61343561343766666632383939373537643464653866313365333461353333643736646331623462
37313435646463613935613439333962656133643334383264613566346561396531373966316363
61626439616532663437623661313565363033346631643338633165653636353264333137326662
33373563336531623961623164333865303366643339666437356230363138333934626239616163
65343736346635383934333535343964383735653664323261643931623432383034656661303966
35613065646333393763303066323462336334653837646562353835643932626536326131323563
65363235376631633632363263623333373962383439643837666464633234373463623134376238
37336662323430306363333231613765616235336634393333383034353839643762376564383165
61323465333136623838313731333362313835613130633739643161383133356239376434663734
33376635616666663830393034343832373039663065313936393566316533633261333536636334
39346231656632383935633237303530383332633138663830333661306234636563336262643135
34663730656436623366653737313662666337336132323631323334366162623532333066393439
33353063623637353264363139633337633962386661393931373166333233393639616663643966
34323331383439306438613730353330623439616633613339356531376166323065353635323536
30346563323066313065396533316533306137653832633062656534633833643535663238653631
37346135373438323534633464363131623635356535393636623937376434626138623665616431
38626435646465323961306165393630633638386332613037336264383030653464666637613233
62376334313839636438393037346265636262373736623732663865396230323438616562356665
65356263643536653262306663366332663662653438303334356638613862363962613564306630
30316431376239393166353963353037356562343831616235306332636566636639646335626632
36366333376438653962666134616662636130653334303837623432383366376637643336383465
33616363656566323931613566653161343530303965306232666233613263623566326134383666
33393635623162636634626261373235333035616163656332323339643564313331376234373238
64646436383433346662636461663263313561336663366530356266313130346438316538396235
34653735376336326131366235613933386435663362396534613738323839633233303862663362
63656436373036356433636531636130373863663434626463663166623734376663383231633461
38386231613836383432643337303965653832356163333339306565663538653839336432623265
36333264376334366534326364613563303434383331383135613830666639616639366363343236
36303832303830356137653431323866383830303738653235633465636566376638623436646133
34376236396535303134303231386266316335363030303734373135333538333130623336343839
65653735333565393661613762303733653631326236303436643835663962633738366366326534
32623837643838316336316464363162636434313230646239393564353765646461333337303830
37333363626431343539393862323735636435663166386436393466343364633337626461613366
38376538363062326533383366353662393361643063386238326633386231356435393331326363
32373666366666363435373861393430306439646634653335366165313164656266373637653839
63323231323063353138366666393030313039653866326534613762663039643332323139646562
37323866323230653839643636656365336266323832333438343066316139613430616635303866
64656462363932363864386538626266313162303034373930626131313365353163353230326566
65643935636236653162383363343931626462356633616232323530643262316563336338653830
35373431313962623265656637326464316166613835356434346338316234326564303232303262
35303233393535313965663332323364393431353436386662613637353037376630303361656638
64353935333632663865636664306230633961373166306331313039633364373564346162383333
32396338373738363030633636393831313136623535306461366333613832663766323534346634
31623464363533623562646565623632623561643833663833346430376439333365323337346336
61386531623134376535383130323766366230663537633933396239653834633164646632383765
63313932613261306366343231376234663830613666643837626137396365343562326361326436
34326335343766333532663662363931313937643033366336373137376633343132393662316632
39323433633535383631366363353861373130313338346662313665616232656236383134356439
31623365303839663234396337343336386233346338316630336131666138353066376362313330
64383738643565326364623036376630326335346533323136613039343963343435386334646436
62623566373561323030376538393664353239323862646537333138393162326261366161343934
62336161373033636535386666333032376361336138333137646432376234623263636564616533
39663735613465626639323166323165653335376635326165643032353030643536663766613366
63333938346133393264316330363334343635356361623365366632336137616238396130666232
65343561663363323536663539313534313833643963313961633930663934356262393433633034
32383136663734646238643036363239376364653233326139393563326433623064383737613432
39373661336437363130376261373766646561346133316535653738626330636331363462623738
63343033313039316331623831353331666364333535346336376330363938303336666333393834
30343766396435643464303838393862636331656138393536366162656230643437306331316463
32313766613763353063383234363764303762333031373835643765343236333139306532316362
30316135366238346130383462346430356635333631636434663034656239383233613661343332
63396532653439623964363965646136653139323834356562383365303365333130616134653335
33333563653766343438386163346633633561626336323562313736373232306130353534323835
62623535333633646234653264366532313031326338656131653137623438336531356432356663
32396166646439393937363631653262316439626431393531306131656330633034653434636631
34343734373034303334306364653433323539363732666366663936613737353931303134346433
39323866663965353164393436333362366164363738313162623966353834623731636231323232
65326561326430303839353665663261386134303065306639636266646536323866386264623164
63633830326162333266336437326266356535346532346230336633353039393935326265343230
36396539316439343732396564386262303138383336393366663138346139373134623966646662
39363231653765613830313136376634353365613164313133363365333431313735363730333763
32346433636663313464343465656262333638643933313030323937613035363063303130663464
65366638306132373634376361346634633466623235366466363461376231386635623666613238
35663362393836393030313037356165306333366261383632663639376330646664366463303438
36376264653363616233356532353631626136353430636335643762363837336637333236346137
63336565353164626332353163656561313338313132623261303466346662653431346239643633
63383338316533303662346633373838363765616634626465343432316435656163343136333136
38626635356433656536306539313439663864343063633563346239633231636430653933626630
32333961326137393737363039356331386335313963363765636533626132353338303438353536
62623432323035326632336538343031383538393831613636383030643635643261316537396533
39393730333764346437623561343138333965306335386164313763343365313332373662623736
35356332333937363337643233393139393133353762343935363439653838363365353165613366
39613539383266616237643262343434396331346130613933626666343934623766626136393930
62366361653432316332316237656534363438633564613762613830313836316161623732633861
38613065613138623764316538396562313864636131323666636330313864303333353461653833
61323763643466356163643633333063353464333163306131376332383532383966366464613765
33303761643664336161616638326338636463323462313430613266356461353233356339643466
61363638633166633162306332363839356163376364626565386266323637633162656131356530
30663836613137303630346538316166333134623836616331313964396431626436356438656263
62393935303264613435303564373035386564346337393264383536383138303031393665613437
32303132303464616138653364323062363361366139623238633838613965323935636335323161
61643633386230393564306461353961633930313766383237376639353936313934356536306666
33663531383335373836633331336464633435303563386262383134326162323234356661626662
62316531656330623634303133303938316362383436623265333663386438636632633631303034
32373439646561333036643263373637656463366165306231343030653537363262636664653966
37353137313935343664376437653435346666616133363264636530333733313931333663353130
63666463323539613265366363616535353165303236353934336431636635303065646263316333
62343065336566383665393838623032306235636430636565656433323033623966313937323132
61343337656265373431663661386334633132666239626534393561386238613635666433623431
39323230343132396466616531633736313231396465613737396562316537663635393738313861
31363263633632303634346433396632616534613166643065336532363562616233393239333636
62653630313266626265333836643834306134333666356262303534336335326137393761616162
61646162643633346633333235306436303336613262303330313235343736656664373839626362
36353035383764363035626363383164353238376461643430393738343333613761373164653838
62363931353537313235653666333830346639376135616335633364386536396535656665313930
63353633663337356363663162663533333330376363643133353430316435303062623430313432
35353830313961373964376231643166643966396337363238656634666135663765333836386662
35653131313231386561393162303866646431326563663337353637393235373264326638663533
32326337636364613533643139386664323233306436313337336266323038373535626161333630
65333939613861653862633532623633353833616161623238643665663232656131303263306264
65326338333561626262386462653663353236366530636265656462393034303837333535323662
63316166373932613439306562353264376538623731386531343631613035323366633964646563
39656462626139383137623061383838393963306336626264373636366637353865666632313832
33303364646332376432656465633739653536633961303736343733386637653638373439373037
33613765343539316136313362313064666431316534393631643437303161626131326635376261
33333534336165316334326661626364366333613935393664393232343963616132326534633063
62643938313562656535336136323037666436323165376333353335633632326461363638653430
36656564376332323730383936383862323037393962663335646437316432653066353639306566
36306532353465356564646466343363656163383132363333633130633931336265623364353337
31376632623734323833323762373731323134333333316639326162613162336263393462333737
39613333666335343332
