$ANSIBLE_VAULT;1.1;AES256
35393530616131623262663461623532363661333734356235653434666639613636663538343234
6266383661663332376532303534373831343466363165370a613939623764353437333731643337
32376463396231343261353965633566333864356165383366633930663363333339333762346364
3664333362363538390a623266656265613239343630666262656161656237343534333066393633
31343463346265643737316232626635643866633766363435646363663935373833646634646661
32313338663132626663653465363533626664643937303963313063356239366561306235663733
30643431343165356335326234363130353166326638623931323534306366376331333837613136
62343936663535653065613064336265383032663662343630373737636561663434613237363838
63316264376264393962326535393064656465353633306563623434353033633134363761663662
65623963363834356432353662626162656265626237363733373636306464393461313566336664
65366436386565666139626639353231623234666236313431386331383231336366393032366166
38366364353034383037373239333666666137353330313565343135363962313064336530356362
61316537313732353263333961643362376262663534663231376564383566363539613332643633
39346434616230633238353564383132313966613666643263633136323430663735613035393033
39666633396538333134363639366431393933633063626138346539636231646334623038346439
31343866353864356332
