$ANSIBLE_VAULT;1.1;AES256
63633632316630623131386164646463323230616463373664316263373530336564663966623432
3031633536643130616562363431343733363164376438620a663432323139303762336434336262
37393236313239346633633862656532643864646634633031303338393566306337386234383330
3363333566353138610a656337643863396434313431333538643230636566623738306266383132
61656636636437653737323164313637373733646365376634653863323334313663646231613261
38656137663539616432663239393865663537396263326632626163313134336432616135303266
65663937643534356365353931343134366439323266316430663464346431333465316330653964
34373839613830363466626663333637356536373832393236393263313637396261396236623735
63633831346539656664363232383863343134343438366364363265316136636366656138653135
34363863616565346335656262393662393565333232333561653236396537383739303537633833
62333564323538366339383339386566336633366536383830663963316531653064623164333762
35653964333763383062383633303531396538663733663465326264613639613534323036343039
30346234343438386566613932303130663930313533656431313235626230343633363837366439
62313537626437626565653363613730633538303566363232346561373030343439643635373933
66633363663236633962383932353238663533333562323831303863646238323162323165383962
62306137336630396266663931373633616631646563386261626438373832633761383731663533
31323437663138346139306638646163333061373864613237303461643263356165383861313136
32363765316261396533396633643865366235393362393334653464666262356233643662363832
62376166303366326463613638626538616361323137616139653862353838316364613739626138
32343261373339376438366639633066373361623833653839373632396365366634363833613366
64393865373932613166383264393661343864383463616661343734623037346636356266353839
6237613634323933316465303865343731363935333834633161
