$ANSIBLE_VAULT;1.1;AES256
34373638306537346661393935366539343631326564306633653964626433396464386535623266
6565383561303231336139366138383461346163366261380a653564343061646238343464343739
32626231663930356464626639633839346433353830646233643038393066323665663464366533
6530653933643439620a373764376262353364653565633661333163326464633330356338653765
37616264653434646430643438646466356134313064656631363662643031323062613161303862
30613364343061353639643134353230643330333433613634373730323335323032386234336531
66663365663635336664343334396334663831633539633264326265326335343139353037366663
35626365373330393166323939333166333436356431313934383230336363373939353266366533
66643164376465386537666131313536333537623365663335366136353535323735303165376563
65333962383239346636313732326632366635323063633665306136336231623734373638323163
61653132616434323164613832346534613063333565653961326666333731363732303435313963
32336430393663376663363935386130333234643535313737636561343439363630653966326165
30393063376365376166333434623965666432323933316561386130336230363964333634323039
61313339313930666161333634336235323861646131643661393830613630643038363831656430
36323365373137643131363234373165646265393737336664616130393964326661623766303266
37353864346362613238336564343663636636333332626236653936383161333964306432633663
34376161356661623830613735323834326239303133643364633839313338363734383731373236
38363531643430306632306236326364396462643338333961653662373663653035626239663962
61386265393837643436316261333531323164636530386265623730343839346537303736376364
33383135366531643462353161643537316334666633623931613434623962393137356466316437
39643463356136313833306338313532643961646665313436393362386132316534663234393237
62343363366131636235383263303334323330336362633436643139633539636133363335616362
32393938643739303062303731353934366162636466363037613730616638663831313166653436
34313036653764356465303235373465626230353961343831363435613165313937636661306631
64656261393332646430626430646662663935333130353232663264383366363436373630663563
39363331633062633536653632336632373835323338623263336463386464346535646339396462
35626236666331656137376166393233356131383338363461356532363631323163383132363633
31613038386538646637616133313836663064326130663633613464653233326337633464326633
35376239326435646437373563663036643037613063376337396661323663633762386534396363
64376532396434633632376162613833663062376165396233363930373230646636626138383231
35633733626565306539316436303661396564373036313539303434356434366431613430383165
34326538303566666336633231646533336632636137323932336335373335396537303366633337
38333365323638383830646232656434383432373463646533653662653065313636636637396632
64353661313134336530393936303832356637346563646165386335656165316165613766643333
33663862613564363336343537303033643264663539393034393733663934373139373631666637
31343036366630616139636330366134636431376435393334313162346239373336616661343235
33393432653662333261646161626163303733353632633339306664366637333730633034663231
32376365653437643637633435646435353233333562613835613466323266633332643263373435
37623661356439643038343063616236323163633266396132356564303233363638303439663562
34623138663239303537373764636432633931326231336262663962396463343864633139316335
31653838636533393364373032383464666365363162663461633231626134336664633363646134
36353064666631663930326634636234313530323763326434303935666636326235326339373966
61653265643866303230353838313561303962313564653564366432383538393731336430623665
37333231626365396163336131613732653839396462353366626138376463306630623565323137
34313732636339626464356566356235313262666533323934633865653766663938396235323631
32356439363636363534343139336562383265633436373936323661623330376466393363663730
64646462613038393463663764356131626335393861363438323037613533383435646437373566
39316162383230353861343538653264643739366166633138613364373735333066656135343832
64366133386232633335313739356232386465373730366430336630343339636635623939623535
62346136633631613862626564373636643838313461316561306538303335316433343663386237
36306463383733613231643462323464356564663333666434386164666539323766346565613561
62373434363066336337386161356133383666313237396132626162306265393439623734643864
63613161613865666362323237383230366537353838323336303131626333363333633965346166
36306231323837636162323631666232363739663836313437616136363562353965366235633334
65383736363935643931656231376161343266613664663561663261363239666633353032386339
31376166666437353861383765623563376430353664393237333064313231396366306530316333
39376538336264366236316435313062653966373661653635666463363736396363623863343231
33343331336232663934663335386162393136336634346232346238383735653131646138313839
66613636626162336135386633623566336132646261633861343838353065323838366338343566
33376364333331373135353537323434653062636465386438393961373235306133373865346636
38623830313933323865663138336531326336633838333965396431383538366132306561653164
33383235653262656431363733663831323539316531666263336431363063316438356264343261
35383638396139343762616338646338393939646566653166633230373332633861306363646166
36343937336162373535336162356237613236636233633066353764663638386465336630336636
63303333306531313363643334653163653833656364616663613436633235623730373036613066
34363632353665373661393665616435313266303636343739653738353262303839666365343966
38643238663164306531306264393961653735323233303063376236326639623866373862326439
35616364306238303463393330363163623839353732383564353830623535393762626338323433
30383835653264613261313233343062653666623066613064336465316133303765653530653737
36316139653539306233303665333737336630663262646364633861303463653966663166316334
61363335383235653564383538613162323232663531656332313762383366373462646139333966
36343230383961656666316365653932363439353266356162393036373334323330353962356630
65613639363565646564613136376663656666356132393733376537393061393038383736396164
65313761386165323662363264366365633230666466646434326532373462656563343237663038
65393437613432386237393132363732646566636163616631393632306164633631326662303236
31346363646664396261313035376330373436343866323733633036333236343963656264306338
31623435613635313537643263333133616566346536326333376261613034323536316561666561
64613964646232346263356332633439366630363539653666376461353161383736386561373433
62343133346463333532353536306438343664313131626232616639613430343436303466633361
61613134363465663166323765653332323862383764623266316161643339643135653934643465
39303064333761393437313836663232393965376432376137333566376565643664663666656263
34306138323236336265363930646461333930376233666363393333616266303265323438353839
33383662643162633136393066623731333763663862633039353930343462636431363639633132
30653536653965623065373061316538333234313265386436646566386439376463313137323862
32353361653362386437383535646163306334333034653235643736643966626662323565623934
66376534393638613261356239333566343338333639396663366462333563323633636236333561
65306530653238343163613061336261643839303736383661303637356334303264343933393235
30653533363036646130646466313230643431633061366665353635366339356339633265343363
34396538353564396139313439623662666434653463653537653430633666333362343638333534
34373134646361636238373065333662393465366265626262323435613563396661363139623637
35366331386533663262386636326331346133333862643734633138636338623939393161373134
38336132356631303031316139353231636163323266346161373066623139303461303765333837
66323561346132353266643931633334653830383165373361386163363565646232353538313533
36343966306564663030313862366639613433633565373739616562373639613564656636386337
39336339623764323462393162376335653761616434653936656636643363313733363539313437
35353032373166623137663964363935306461316661316330373635373731653831393762396638
35373662616538373737646463376661393163383130643534383261393439666236613665306634
32366631303864636639393536636366356361313635383638636266346539653038386261663234
32333837623035636631343930303632356564363733353233623838653936366464376237353362
32346663383665393030313038353661393261376365353563393831643566383962636535313565
66383761626432613761326634316532326562303766373463613562383263623062333332363331
66353265323066303463663762316532336166313864613035336436636566646436383431663465
33666535616266303939303534383164363930643134336463346462393763386536363061343037
34643163653261643761313465316235653365613565383562316138623039623435636330343935
35306637363630393131356536666636636564326361643933383530643061653964313337633439
31326536376631613637343137373261343966643635653362336663396365316438663130623733
63396236613266323965636438656332646334643036313532306632336663623032303939353832
39336563383938636637396131666534333638346439396133613037653138323131313731373539
38633639373133336264643239386566343833373430346336623638656338326161383333613839
37366439396433373833656361656261306538653361626638383661633766313763333332383037
63663739653836396161613536306562353432613435616632613630643962333532613163636637
38343931626638373839346535333936613533623735643134633833303961613230646139646166
64633131313266613263376636373930303863666539356265623864306661383964366632323166
38643734623438343561316563386136663565613037373062346230346433643731373233366666
61363037643530303639616162623465343134313239373737656232646231653036636131303430
63326430346636366361346664643231643665336533616465396537643331313739393530353664
37363434613333396234323064653163353732383861663532373636356130316164376364613430
36366566636562303332333333616330346463393636323862363239363865336564343830333764
31636664623664303362656433393734383139613363663864346533633534626133326333326366
39313535646539623530666135613461663234313235316435323636666632313164663535616130
38613139663163653830336134363230393034653039663732666436616439616535313265643735
36333038626630636238366139313764383434643162336230316132643833323238333235353633
31336565646364333733666532636265376565373366383530303734353135346533373961376366
33663865373032333363376465623138653035623136643839333839643739326362373534366634
32373039636132303233363262393336633838623539643863633037333438343262353164353364
39636631313537623562623734363834363136386133356534393734393932363932313565353633
30633134653335613238383161616463303465383533666363653933636537616161613765646264
37316134306239303239373830396630353036343439626532313434316362376462303532393663
65613332303035663738386630373331613561373964336237636564623030336138343533343065
38353533303239613433343538336331366564663935386635323834623531653732393336643137
30623265326238636537346364666162386266356164323337623233343534343565656334396435
64376331613434376666363338626436666165646439663939613036353738346631656638613763
64626231333033316165323162373838333031613432393939656633633033383965663866613235
32623963396136303132363536303034356330383765313935306461306534363433393164363866
37303539356264656336353562643762323461396236623139656164623661646633646538663734
62633833633439656435613965333062383566623861623934373934313139333163353131616638
63386231363861316363316464643364346665653438353162623333373638383464643334356662
37623539353833363339393737336366336432323362343034393132363130306263326463363162
39343635326362303361396639306332366663653765373863303033316231323130346466663734
33323536316265656336306634383333613362626335323263656662303563646133353661396332
38643861306463383165643538356262303961636532333635356664343036326562353132623165
36643438636131636435366639353132323863633638323530316434336236396363396135623264
65663338633439643464363636663963306139633063376136333934323461656338663537386332
32363835386531326134346338306263346431336463303232343564623838366165633963313330
32613361636361363964373262613861356539326532343762663563383731383163373465663936
62646338663931336231623439326266363465363338303539363737396534336135343963653361
30363737336131623730363830616363363762623865656162616333636666376130383138633766
35346164366233353765393065646639666564373735383863393562366632623365646663326235
64633165663265326438333862383662356138663335393733636136626334333634323961336136
61393534316165396162666433613562663730323138373662626130383831666237646363663362
36303433663066366237646239636464323936656536366230623234363937613638336165323535
34363764666333396136383065336263343530613831633266303338316434616264333230653463
62363534343662363963353862323364663837303936333333643463633839666463353561323661
32643961646366363532353263386465306665376164656463313562636166306266666363343938
37373832353531663234613631306365623564356236343366326436346234616538343131636663
32376633353961346430326230626636653432366665613464356532313639393030643166333339
30623235333035326232393033306635306562616337373031383331626231323732613361383035
33336561383036663366613363623232633934326130663737343134353034666265646539343263
31353932393065663832333561373034383063323933383531643065346433356536383236366539
39353266613865333732643361653931373635336332613939353962303430323935383736303838
33323135343864366134653333333234393939336566363765346331353066383939356630643534
33643063373130643535356333666237313835313330393966656561656635373433643863386536
32616630373238663565623063393136333462376138646662303065383131653162616461633832
39303064613131653639333062646164336532353436386637353538396561386364333466323963
64393139323235636537613837363461343430306539353033366263616662373164353031656465
38393364613030303039353832636663306164623262303164326630336539306463323166373930
35643763643430363866333032646236656462643466373433323337326535333864373666633233
66323639613432363139666136633932646532383933616532333637343561623937343764353465
30656230386335663430626463626265363237393437646431393038393839376630633135396161
37613234366363376139313361633032363263623066363139323265623065646463343036333031
34343135613063656366663534346564643565313966356262373233353632636537373838333561
34646361663032383635303034616639316161356235303966353862653638363239663962333739
62663664356537643164316633613765323665636166393866366437666163616233646137383338
65623933626565393835366635656461373063313132613735343064653436663830343464316435
33616338333837636362313134636364316434333138636433333662353365306261363161306531
30643831313264336431666330353039303263366363306661386137363136636632313231653738
64306261363963356363643530613265636230626363373934663862663965653731316330366132
31633634383534656665306337343765363138353336356435306635613262666133666331336333
62376638323936353435346366306430373134386366323639313561323734626633633239366434
35373861653936636635326135373530306363323233336536336531323936626134383562633332
63306566326431353634656634313335333961306464333231663232346138646364633138316334
33353461653165366535373265646234613330356632353065366632323363323634386238656139
33353039636236356565636234653731666534323232373230623165636365663534383565373736
63303230303163363035326363393832643763666337366239353565373731333039663761653266
66346434303438353463383962623530643462643963373164633664333736336261343662613133
39323962386231346564653231343234313734616630616462326165633532343735333938636632
36373333393137643232383936373338353661333862663863616536303632353731383164613065
31393265343433383563393637333964306339346665613536653239383861616361333362373034
37666165653539663439333532353035373961356634353564616165643866366437343639656562
36396666616262386463373861353735306539623462663863623039623434326431613134363337
37653432636233613464343430383835386365313637333330613534616439376330663764636166
30363661666137313134623334663733343061663230663964363833666636623131343563356437
32383133333530663364623665393339356439376536663861383261353261363330336432643864
30663630383030316531366464373465323664313437643162636661306262306332666334656463
35343461313938373063396538383666393234333661393733393665623766613634656562636166
61303966636132393463333435393033386463626538616462656630643438393435653539313634
30623735653766393638373566316131386130643732613736646563613765313163336430376638
36356435653632363536383935653133323162373530323232313339643932666635663034363261
63336634323966663030623839306366326461323935373135663063623363643764663466356634
39633231326435663636336130616262663334643931333266656166386565316366323033326531
61633334356661326439643061616631376539613538353364396632666638636539333430666237
35346131656437323339383634313031626636326130636663383965306531366535623164656532
64336232663139623362313632656234663139356636313936393830326531663037323436633732
31343565313032346165343738393466343066363564336463363566323064303530623163336137
32663531346231303466363965373164333265373831616366643961393235633436353039663337
36613261306665333964373731303530653439666539303933323531613938316238313837626331
37616232393835306430363132366639383130613563353062643562303062336461633939633539
65653833353562323438313661336634333633656534643534356564626136653736353565613239
31663932623538393133666465363331393366666331366133353637623333313438663138363634
35383862656530346562303637303164373637343964303365323730663135343163366163666465
65383663666339326336643761366232663237366438666634333863313634356231626439353035
61653331633361653236306664653137613233306663626533623931323962663164306232626535
38626336393336653637366339656166633030373561336137393939376233323838663461336431
31333364613234326466343031313762646662393430626563626633373238363530623465336664
34346539373935626530303034646135616262393165303166353264363262323163616433653338
36383537363766393433323632613130633530616638363065636439356139346536393335356166
65326566313336613563643262616630643732656664366366653533326431363139383762343962
38623837636532613336363966376632386532623639326431313136313663353261346538376133
35386163356363616139316363623166343537646566386637393739663566363532616665343935
33666538613635306438323562333363616563613561633934313564636664636336306266343363
30653464663635626366643765663561313939353063633366633034343962643735366437396337
37373236353438633232326637653762386436393266643262396630366531346463336234306433
33663639613730373632386534366533366166306237323933376264326533306666353434303835
62306234393464386165353432626139613535386232333031376361386136666362333738343137
33656331313066386638396532653636376361366366313165393531366437393635626134323132
66366239356532313634313831336262623638633064333864373764613132383233393730383235
38386362653430393462316361353865383063303138323361616630386633353961383936303430
63663132653035346431623136366161303131343633343334656433383931326366643331653136
38666561366166303339303135393231386463306639643462626135663433306331363365656561
66653235303138313537626534646236376465666465656438366431353530353532633638636435
64396462633139393365393361613033616234356238313334623439643636383063363364666365
62363861386230623239303731383834646163363863623933623266343737656431623965626563
36663337636238303438343739633564356461353332326232333935386163336563343934336236
39333233613336646430633362363637383039653062666632386435636139643163633464333063
39396439316239653432333165386632663366363865313731363130323164653035363334643131
34636532353464343735363032366662346333353963393535393430306563356334373630396466
34646138383437323961313535373937376233623839306336303631326261383364306132336537
64623933336466303234626236363630303437316233343762346666383034613238336537666163
35383533353333633365366364656163613631663862643236343237373537666137313062303736
31383432366265323138646237366561343566396164343436326339356137653463613632626166
35623734363636623430623134343032626261623761646333643365353738353633366139636637
62373363323365353761613332353430333363333334656666623330333031653636346335393939
32393962363766393434643464393938316436663433363937356165336139653438336633343932
66623561646433326530396132313535653061303962383662666431666537396666636564616433
33363536356163326438393961353039393836313632363434303766663239613763313962306638
66626237613064326662666233633439363231623163303936643732366663333133383562306136
61336235383865613238393265336133656335383862623630336264366639666130313765666661
33333937656366343061643833326333366362613331623866383733396530393330663662383534
34303561393736653333326134323165396230353436396536303037363862613535373438363833
34623065343332373533663330623930343236306361653839323365663136636530613665396639
64353330346235323738373436343465323036323063626331653565356664383839376634636263
62666664646139393931666235346361643964623638373633396437333363386465396662376432
32643538643366613037623864366239326366383866303231363332643030663830616433333634
62663233316233666430306533353466333065613933613836396537326330346231623334393763
66656530643464386237346166633135383337313465393863333130616563633139383431653233
39373536383766343165393435303632366533623139303531376131623837323138626461303237
66333263633739623662353763393663373835313939396235643037323066356665336663663939
35356638316339616463363335643637356161316235653634353733306435643436303264373138
353136376563323236633066336465653531
