$ANSIBLE_VAULT;1.1;AES256
35303738386635323134316332333335633936393535373434313631326430643466313864663662
3362323166383536646136313032393938623562373261380a656634666630343739393738366366
62616332373532356563613665613133336663356236626438626234373965393635313532646563
6430303934313537360a336438343763366532386136326338346235303433666164653937383138
34363733313435383939663764393934373930636433643961323031623766386539646633613933
36363462316538613930306631643337356639653137613564383938636262326539636135613131
65616161663939313839373936626262356238333962333530316631383163316366376363653135
39373131346135616236306561383332313064363965656237643064333839666633386239663933
31626538653564626130333132376537333036666439636132316139356462383561323933356238
35323231636133323866623537373731623063616636643261353163363164353230376133363236
61653736376632393639323365653437613866313930613466653065633239383233666533306530
66363438386262343738313264666430643938633633613032363162666234353663343536653232
64323062326133323262353963383362313539353839353134306338343031326161363239303030
33316461623834336432356438383761633832633537643662386266656563643132326637643939
65333561653631366264626139613434623734383131393264346330326637653334373336643138
32346133653436313032653964396336373266393765326236376533353265353732346262383138
33613361653065613238623064356637366361363766656139636363306433346539303531393932
30366461353439656530363466366362303635393362626134643261653237323430383237613634
37326137646562636539306465363635656263386332303338633331376633303030326431633564
34636230623966343135333236386163323435393333303131623831393230613637623139653737
36643133303961363462616132636534666137396439366633353133623138663337323466303632
38343464376238393230396139613034363432383038616436656662623839353637376332336161
31373736356533373230626631333663636335343363646163623239393032316566623364383139
66303734306562653065656235373961643738633332366266316537643539326434306535666130
37303831313462323534323663326537333561323263626436656563363039313338633633636461
62363461633630613033316263383635653535663135393566613161346237366634356664383138
66656136326237616631383139636531653337666135386632393063643637616432396365333139
64656639353330393161613736303762663539313363616235376636376333316464626637623031
31626336646432343664343066336531613934653362336165646465613436643862386531353037
62323130386632623661623763383230336466376232366365653332333966303766633934613033
65373265313463666632393335663037666132306665663030626333363132616331613836376537
38346463353665613731633637343037353364393636376236316232616461323564336166326632
38393638353561363439343532623161626463623339623735366131633762623533353230323937
32613665336561363230656432613637643935633263616538643039636165366162613538366439
62336330643461633132343739333965613361353838363938653262336362383161646136363835
34336630656166353530646364313362323363343438656130316138663835346230313138303363
34393737353966343362653539303036316531303337336564346437646539363537613363643832
30623732356235333031653462333930656330363031323632343337306339353338373735303232
63613433343962336634336531323739326438306161343639383435333534643238353333366635
32643261643638386266363033343538636363633063363630643966306561626666643363643265
66393038393239613534353865323764343264646234656132613235633433396330626662343762
36323262633838303464323264333234343932623434303336343064323237306630306638346531
65333137643536396462303937656437626366346165623138653435316364396233626366373037
34306233323132616538356137653562306338623836613437626238646130343164643439366161
37353637653661646164323166336432636334333763323032353334636633383661376531623232
65653964666235656235333332666464636235333836396133633632356265386361303964366665
61643533653834333761346161643337646139633565393961306638373337653766396236656437
30376164343838316635386335346538643161363832616561396263326130323133333039303166
35306130303634346230373139626665316363376635343337633834326234346361646433623663
38396666386364316237386161613539303364366638396361376165353235373836383131663466
66636332663166336332666263386164373464653636393562383331333161306533653534653662
33353135623138623163343139393165643535363865653235376535636235623133326137343461
64363464366561383966396535633262373465663936663962303430663964383332626165373364
32326630336365306336613464393563396138363337663538663231646237353530356230363631
64633762383030626538383835623261303135613939613335613762343066333839363937303337
36636631363034356263386634313530633932353662323737376137333939636532613134656335
36636539623033653935323532373762633465373632326165613037613464616161333330613363
36353862343632373934316630363461636364313831393261663433383838343863653365653831
62366235633431623134656163313164363964396439643338666139613330373664316661396539
30366639646461663736326134613731613435383330623838383233353234306536666531623735
32643464386162383130643133643866383163636233333066353463623433386536313463376530
34343231383864306134376166626266616537356437326238323437636233663962653061383536
62303138326533383636306137393966306631333865313530613538323166373334616530333831
39633463383464313266653137323634666236346534363236646638643339653234653637316232
65393635373962306631616535323135396637306163623135313734343439636332653961303361
65336362313736626134303964316230663634326535346236313264616163363935663432623064
37363136303161356666336365373564343032643866383735633266663537666661646534663837
63373134363464333833613065623865326233613465363939646430643437643961653938336137
38333433303933386338613066653232383832386365663732363934633039353632346465373863
36363765633736333462383733303837623562393130323334326436333438363135633865326465
33616365613834623135303733666465613830656632376434396136326234663463333232643162
62336333316633356533636431646165366139383434346233626338666636653331623133383437
35386135376564633336626236366631653130313533656361616139353832373963346464356639
64306664666466353136613763383332306661316536383734363037313730653438633037623565
62386438313335653763353833333135336236313963313039343430633936386330643839346561
66656535303333626430323032316266633536383232366436616239623139353935303033336461
63323465346132353638646131333362313538323962386533646464653736613666653064646639
36313534313261626533373161346230636265313530396363356563663235393133326564636535
61313664663262376532396133653938393966633733323539343864363033646131316165643062
30303361313131393835626137376637333536326237336336353633396366363365633566616661
66323937393836323632346330623364306139646263646532393639386664356534386666616264
38383536343237633835373139646437373664616465356132376339333933663135383237383534
36303833306135363939306462386338326266633335333338353737643630393665653864623266
61656264613262323636616132313631353738333235636564636661363731363961643536633436
66663933353962363264393737393933376538396133623438383132343564303236303437616462
39383638333261643434666361353864303935303963653332343030373564313362636563616133
65316231633234306436636162363163383866376534383063376338376665373032366165626539
64303332653335666133343531336539646639656664613836343733383538333337633734326665
37376434613739613935623139326638653334346362346531343732613838316436626163366530
33346131646530396135616533343332613331353337613364656466356134333563616661396133
62653730636433643766616131636237366336396564393765626531336562366234366534383461
31616235386431333733366132353337633964653232313735633134656635323533626331306339
30666339313066363433353864373635363931623262623564633531623334303930613735336361
38626261376131393963363862393330376561323864303435666565626561336132643064363630
38376431646435326165646365363763653765623863313263376539373539646238303865666661
64323434326134616465633139303033623330656630616630316433393830623764343231313431
33656332353835336135393934316235353830393934343837633734386436303861643731613737
38636363656563356638373765626639613236373365343465323836616435663264366131623539
66373639663732613262373162376162313763366366616563353363613237623139303661343238
64633461333238646163343037343735646461663962653364623538666264336264353533326139
62333064353639643463653136306562663764343937643163643565636262323439303532353038
61386533666138666536326666646339633939316138313438616235316533326364353565303564
36383635336230393466343031653866323834656535343066616265366136653462363339633336
31643530616663383135623165666235326564393366626264316531376435353365643131643264
32393632643430343364626330646130383932613237323361303165376362346232343739613733
63396137303138373664353366623965643037363464343530316236386334633061656331336236
30316166666561643466373135353566303638373239303865313930653030633139303134306532
62313661326134663237393765643437616364653032663265366463656164666439333061333133
39363632633739643261666332323266613465333534393736333263306637313034396638663335
61313734313035363961646439663035363537636233353064316665316133636665623563306537
62353931633863313430386231383130333431336266653265646537373765613662383363363132
64316537306166383931306338636530323030336532373266386164353265316434303661656239
38386231633962613863633065643136393831366437363337366166303435316262326138393134
31343630653730653162313966323432303130663732613562353838663731346663306637373731
66343166303033336630336331326132313836356566626433316632333636356363646465643831
66616466306564353461366465303038626539663561623536356235383061373262626331666337
39653061613131643961656130306665373934343864353835303061366330623538643331303934
62643632313233393363353362383366343937333265653365323862376366356635643734336239
66353732306237383832363063613463333133313837663930646234333565633936363530393733
61363132363361623465663735323863376463316331643734396163353537356134653536373032
37313965316565376331313738373237393862313538316463643838653961646131616432313739
66343436613032363437343361623362643861306535316131393032663130366261623263663163
63313838636430636434313639393434663137373661303335356534383837333234396132313662
31346166323639376364313566663364333533613165623064333866616663373335323263336261
30393234383962653733376561353634366533626631343563346364623363373538346636666461
61353739353861626662653438373266376334356461326363633730363537323032633636323062
62346264656336336339313564393463323239636332343330306438363233383066373361656264
33656331343165623332613331376239613731653532663838306539396334323265323261303066
31643466363166646462333066333861626463643930653932336633366663666264373337343836
35656136633265336464626330336162633131666630356536353335653565663964353131333334
66333936643831346432353937313264343361653539643237653133636163663334303236353734
39633462383133363735393363373761623631303439343636326435653539396364393539623231
36383262396464666336646238633931363265613738353336393362323235623464643965633530
36363238616131313832303230636335616339363865316166323063666564663438663165323436
31323663396265663035313262663563303136643531383063323135653466353638656630633535
34626230383630656333373939346363613635633762346464333732636163653131326461343035
65653565316334316564633734396338353361633736383630623439343632653764663838306162
36353761623531636534643232613434383038653633326631353563303234613866306630613433
65333539636230636531643639656436393563613462333164376461613463386363623435373735
38343461343831663562393464626531356137386562326634623835386637333836613134653837
38333563353230623637343061653364366665656166376131353061346236393534306531663664
33313737323865323439366362346433346362633436353864333463633836613265373930333864
62366532353965626537383736386131303737313036396137383066376632646161636338613062
63646433386665616261383739336263373233356536663364653163356461393431393837346462
33306666303639633466393237656335343632333138396663363239343864333734656566333839
61643966393133336166306239626633303133663763613335343938363136646331663632626631
39663836653734336637646537623636316535653330633639373834346630306136353863656130
64326635316332633262353063313530663834326365386261323566643239376633613238623664
32666231336134613162376539636331613962666335663266363236333064643165656336643531
30346163346365323931626365376365623234336231323563333136643161363338393937363439
63613938393363386365613964346236343637343936636437366139663536393739356337353739
61386135386362653732663937646265643736653832333237633162613366343664316239383866
65623761383638646337316230356530386439306236656433333130636664366531323737613938
65363538316664613438626238643265353365373862396335346663663761326138383666656536
36396538313563343563333461643133643762333538373639633236333830346139666464616163
66326263626630316664623739316530323337653864373138663939663437623365663936626531
35623665376534313938313962333431666134313537373031313639393337663766343932333665
30343237303232396132343261373562386434653430313635366462363435396633333261613662
37313537326336306330303237313061346633633532616630303761653164643334303665663362
37623262666436343665653336653338313939613831663863376434646436353230316435643830
36636439326336663531666635666665333135356639653363356638336232633863343165656135
39636264376135346538646330356130303564393366623438376632613438653837613531646137
38666230333433333232376464636162353137383734653535313032316461323431323236666437
62353163373437653962616338373235306635393964316635356262346333663936636536653738
61653534393765613937633632613335663966643462353837626666663561343434616266323639
36393537393962386261356639663234306537633331653262333337393134356533306239383063
64643937313932623737303135643734393238323538353231653736396433613865626661653163
37303461376532393265663730666366613565306232306630663532383166643863333838633466
65356266396661343736323233303366376535633562313734393533306530346139373462623630
36373661663563326336376136323731343262613338656232666261366363333361343938393031
38363665626637303137393431333262613865316230303439666132613230316137353064303632
35386263383261373561643465373264623664656266633637616132366239343834306661623366
36396563323661643232343439616239376238643266653763626536353763363563633762643732
31376164393466383763333264366237323464343463633836383337343333383737613066303436
66623437633961306439333430633231613932623962393563383965383038316565393131306137
36313137353333643133313330616162313132313365353164656337383062383366363265303363
39363732623034346431373035623863353039383432643338343039396466336238636463386466
35373462623166363765353165646361353134313036386362616335613665393765633337646534
35383465353032306436636132313132303634643538636466353939623761323136323733393666
38316438623934656135633362386136343230653563383664363631356461316230376535376534
38383635616461623339346132626130633231353032613838326165343963656135656133613437
33376139633535323538333134316432366239636435373334366233326365653038383466363539
34366163613663616666623461663463396530313937396230623435653430323833343866653662
30663632363737363066633938636162353033333730373365363037383734373632653836663961
66343462626630666162653338303034366565323163373561636335366663373937383530663231
35393362373330626534323363643932303063363435336665643363353339303838343264623239
32646663373736316563656364626366666439333439386362643038383439633135636263386562
31626531323839343530343864653461306266346431636361396233356638613364643266323434
33346561633639653837646461663136363466353339313465666261613533376336623035653737
39313662303735646666653036643932633135666363663464313238633130353437396366316237
37333162386233326337303965333062393232363534383265316231333832656331396339643763
63396639353435323831623939623739303935613465333863633265393238623036383439613738
62393730363933353032313431666365626139633834663834616265376337323431366436356335
63666431343766646239623937346332303736336637383035633338303037633465663165306161
36666365653366366336306636633437303535643465376130666261613962613739353634343030
62613739373264386237373463373237396134366638323535333238333761326166303538663835
32663333343665306666306538396461613230353863346337343436393238346365353734626339
35616263656262356365343930616463313632613938386463393037363030346132386431343966
63653130623732613030633432343062336666653866326432613334376664313738653231346336
31363535356166333161303865326362393639633339303234346434386234353665303737626563
30646565336136653561616333336164636131316237346166643161313434643439626664373763
33643238366531653863366538623231323234613830326433326633363039653937643865613334
37303066346533616439643061396664386232633962663766613232643364316532393332383738
64646664393165353563613965396637663962353831613564626364636432323132653262626538
36353534643862373132613930353431663163656661643862653135643961653336396162356262
38646238626666396363373234323062653037343966653664306534663166393332363934643864
65646361306335666661613130666333613130613964636566396665376432313838373430373937
31363438376331643966303930636338653636616233313165666466613232616664386231353364
64616136653566646134646630376431376261303866353739623037336536373137373964633831
37383139623338646662363537316634353664613864333532353637363039333034376334386131
64343830316563316164306662373232306133633062356161616662313463336334653638353832
33383036306539303335663635613831366539623564313438623163306536663230613737663034
64646466303538343163616664323135633761336665646435656666663537396161356430636636
33313136666663333631396431396661663432393532636665636265653633666131393764613531
38303430303135663432323465373263336330316433303264636563353563373732393739626461
34653265383037643764666430333264343662653033616436306438366633376364623636363962
62323436356633333364373739333930306339653839396266353530613436343734366430633032
39623661323432656164376363623962646336323931363261646135356337333161333563636332
63343864623332386365653263346334656439356534363331363665353131336331346132643436
65356633386463623332623666663566633666633930663232616263396661663435306337643630
30663336363365336566366638663435363038303065636333643961626136363632656531396562
36313431643262613830623763366535323263383036666633333066313735306466383661666361
34393537386566326337396266396332646463643238643334343731643432656631666365646663
65656432643333643332643364363837363763333539343435616134663666323834303736333664
38373566383739383136626130303434323736313362656335653664636131306438336132643836
32623832633530396535643265316463653636323361343263353030333164386566376639373965
64653762393561353565636234396532393466383732343032373336336261336665613036363931
34666238653138383430666637326365326261373637656236613031616565313365376164666330
33363563613264363134373135303632626161366531613937656330643631646566363833393364
36353465373633343733666333623738653239353436363939333261326531363830343335646135
37313532303062636337383163306231303738396565376364396363343164343637386335396564
34376232326230653763356664323236366634653531626162653566303939626633613733313930
63303839376432343635303638653738323935663031643933353065386564613964616639386266
30323465313738386337666530663731336263663836626635356638336564653565393639636435
61616632666161333737346365303838366635316436393933313735363731306165306666376162
31383262303533343033636666643563323832356564663335326135306566616534323030323937
34323365666561643664303063396630336638363862366137306531623136326466616364646236
31633536633937336435653764363238376634363531616332383666643232646530386561333338
64306136613035663165316366363766343865313738623033393462656635626663363864396463
65353237356533386135663535363635353135343531363364356431323062616661363839643833
65373633323964313035643437316432636335653763613463316633633939383765
