$ANSIBLE_VAULT;1.1;AES256
34643933336566356463343337366231613837333337343465343162613337316664653831303138
3139626663646631366333353935613037383334326539630a303862366139343962303862363161
66393136653136626436333035646162653137663338333666363130646330303131373035306264
6234353830306662350a333461363939666332656231333637656361366334613433643135633638
36383238383431626530646335613562353333646165623133643330336566626339303433613462
30316331346338633764313163666137393139656334646366383461366335393231396635363466
34636265623232363463303032306436616631666364373835356633373032613538366436363563
35356263633563306637303938313234636133633233616161333235643637363831343066613561
64633261366462376435316430633764313666613533316636396331356366303864343065663966
33353662316663333034383331336437386431306631396333366632623331343230646164306163
62636233623333353064393432323235323464663464376465363464383134626366323466656264
39303833323965383566313062653834353066663635393532316335623532616534383036396338
31363865376564333739396637636639616564643662346232633165326239366638306638636532
62646566663430303965303834303962623664353438366435363063326238623166373337656631
65633166643437323334356335383165313762636335393138393334346265386263353063633335
33323838663432383337376632366337633764616430666630386234653236653539383133653130
37303466633063643530383139656162386136333163666632343063663439366465396433343165
34306263326631623539326436626435633338323664656338356163623534653662653165616232
66323135306361386234666165636337316462306538623534393835333733666262303966336565
61636335663266373138653964353963616538393730663037616135356435316562333233616634
65656234326531333034613130393765303664323762316637386632363934326334613964366537
66323031653461363664343061343763326637613437383766663635396430303366636533333537
30383539626237326466383030326638353437346561646265323865376135613231663333663634
35303235343533366161633836323535316166613036363635613733653630656537646166313462
63373832363363663262623333393361633938366436663435386536346335646530666436346135
62653965346433363935303261353736353164383437343633383865343935623666373266396135
35313663353139646633306166346530633165366461363336323066323036376336363037396439
33363730386362346131336239343362653636333832646533313431396333376162313837306339
33373463613332383061363738343633613337306237643430373831386162316463633135333034
39316664346265346462633165623764363038323831643262643064316533393832663730383362
61616230666462643738303365323030356664656463666662333633323333613062333137393735
61653463613566356362393737613262313339343232316338303638316533316663616137356232
66313138653235653433633466663732363334316535376362396537376330353664653234653837
36653762326433663630623663393539663264626338346166303832643534623935333938303764
39323565396564633933636666373164313833343531323038663761376232323635373062306531
36316437336265613636356565656236666436353965303931373234356237616133386564613265
39333230636363326165643966616531366433623166303866336534616137653462333961316536
31643332306139656361393062303061633737396533346565336162396531343362653539306564
33666635643565383537646536303739616335626233666637663965633533396565313738316664
34353636656234343239353635396163633035613561353230343661313039346631313630613533
62663436636439663533316437353334666636353466343930616566316130336566333265386137
30646661623239353235646633376365383539346232366430366331646138373034383833623761
63333131666431616265633934363964393966353765333434646231303661383838316266623233
61366631663966386163343936626664666633326165616332356365356639646132643638663036
30653461646662623166666338653935313264333630346430663366373331346165636630636530
35323566643831663264346335666234313833623532303434646466333936313735636633656264
32656163643061663339303336313534343330656566393363313664643231383636396261366166
36656231636630653965633032383234656230396566356238663861643938383765623465316365
30633262353838623066623532343437663761363762643965666633623137383936626464386532
32323664373634626535326364666362663663306364626666323763303432383533353265396630
66616231393762306530323637323133643732623265313166616433313939616661353531363737
34356536643730303534386333366564313962376432613531656537646639383535356534343733
6339
